# f(Hz)	 Electron noise power spectrum density (V^2/Hz)
4.0876e+03 1.6800e-14
4.2686e+03 1.6806e-14
4.4575e+03 1.6812e-14
4.6549e+03 1.6820e-14
4.8610e+03 1.6827e-14
5.0762e+03 1.6836e-14
5.3009e+03 1.6845e-14
5.5356e+03 1.6855e-14
5.7807e+03 1.6867e-14
6.0367e+03 1.6879e-14
6.3039e+03 1.6893e-14
6.5830e+03 1.6907e-14
6.8745e+03 1.6924e-14
7.1788e+03 1.6942e-14
7.4967e+03 1.6962e-14
7.8286e+03 1.6984e-14
8.1752e+03 1.7008e-14
8.5371e+03 1.7034e-14
8.9151e+03 1.7064e-14
9.3098e+03 1.7097e-14
9.7220e+03 1.7133e-14
1.0152e+04 1.7173e-14
1.0602e+04 1.7218e-14
1.1071e+04 1.7269e-14
1.1561e+04 1.7325e-14
1.2073e+04 1.7388e-14
1.2608e+04 1.7459e-14
1.3166e+04 1.7538e-14
1.3749e+04 1.7629e-14
1.4358e+04 1.7732e-14
1.4993e+04 1.7849e-14
1.5657e+04 1.7984e-14
1.6350e+04 1.8140e-14
1.7074e+04 1.8321e-14
1.7830e+04 1.8534e-14
1.8620e+04 1.8786e-14
1.9444e+04 1.9089e-14
2.0305e+04 1.9459e-14
2.1204e+04 1.9919e-14
2.2143e+04 2.0507e-14
2.3123e+04 2.1286e-14
2.4147e+04 2.2375e-14
2.5216e+04 2.4030e-14
2.6332e+04 2.6948e-14
2.7498e+04 3.4341e-14
2.8715e+04 1.7693e-13
2.9987e+04 1.4135e-13
3.1314e+04 1.0765e-13
3.2701e+04 8.0462e-14
3.4148e+04 6.2786e-14
3.5660e+04 5.0959e-14
3.7239e+04 4.2333e-14
3.8888e+04 3.5610e-14
4.0610e+04 3.0157e-14
4.2408e+04 2.5638e-14
4.4285e+04 2.1851e-14
4.6246e+04 1.8659e-14
4.8293e+04 1.5960e-14
5.0431e+04 1.3673e-14
5.2664e+04 1.1734e-14
5.4996e+04 1.0088e-14
5.7431e+04 8.6876e-15
5.9973e+04 7.4951e-15
6.2629e+04 6.4776e-15
6.5401e+04 5.6078e-15
6.8297e+04 4.8626e-15
7.1321e+04 4.2229e-15
7.4478e+04 3.6725e-15
7.7776e+04 3.1979e-15
8.1219e+04 2.7879e-15
8.4815e+04 2.4329e-15
8.8570e+04 2.1251e-15
9.2492e+04 1.8576e-15
9.6587e+04 1.6248e-15
1.0086e+05 1.4220e-15
1.0533e+05 1.2451e-15
1.0999e+05 1.0907e-15
1.1486e+05 9.5566e-16
1.1995e+05 8.3762e-16
1.2526e+05 7.3433e-16
1.3080e+05 6.4392e-16
1.3659e+05 5.6476e-16
1.4264e+05 4.9542e-16
1.4896e+05 4.3467e-16
1.5555e+05 3.8143e-16
1.6244e+05 3.3476e-16
1.6963e+05 2.9385e-16
1.7714e+05 2.5798e-16
1.8498e+05 2.2651e-16
1.9317e+05 1.9890e-16
2.0173e+05 1.7468e-16
2.1066e+05 1.5342e-16
2.1998e+05 1.3475e-16
2.2972e+05 1.1837e-16
2.3989e+05 1.0398e-16
2.5051e+05 9.1344e-17
