# f(Hz)	 Electron noise power spectrum density (V^2/Hz)
4.0876e+03 1.1847e-15
4.2686e+03 1.1839e-15
4.4575e+03 1.1830e-15
4.6549e+03 1.1821e-15
4.8610e+03 1.1811e-15
5.0762e+03 1.1800e-15
5.3009e+03 1.1788e-15
5.5356e+03 1.1776e-15
5.7807e+03 1.1762e-15
6.0367e+03 1.1748e-15
6.3039e+03 1.1732e-15
6.5830e+03 1.1716e-15
6.8745e+03 1.1698e-15
7.1788e+03 1.1680e-15
7.4967e+03 1.1661e-15
7.8286e+03 1.1641e-15
8.1752e+03 1.1619e-15
8.5371e+03 1.1597e-15
8.9151e+03 1.1575e-15
9.3098e+03 1.1551e-15
9.7220e+03 1.1528e-15
1.0152e+04 1.1504e-15
1.0602e+04 1.1480e-15
1.1071e+04 1.1456e-15
1.1561e+04 1.1434e-15
1.2073e+04 1.1412e-15
1.2608e+04 1.1392e-15
1.3166e+04 1.1375e-15
1.3749e+04 1.1361e-15
1.4358e+04 1.1352e-15
1.4993e+04 1.1347e-15
1.5657e+04 1.1350e-15
1.6350e+04 1.1361e-15
1.7074e+04 1.1383e-15
1.7830e+04 1.1417e-15
1.8620e+04 1.1468e-15
1.9444e+04 1.1539e-15
2.0305e+04 1.1634e-15
2.1204e+04 1.1761e-15
2.2143e+04 1.1929e-15
2.3123e+04 1.2148e-15
2.4147e+04 1.2435e-15
2.5216e+04 1.2815e-15
2.6332e+04 1.3322e-15
2.7498e+04 1.4011e-15
2.8715e+04 1.4972e-15
2.9987e+04 1.6357e-15
3.1314e+04 1.8452e-15
3.2701e+04 2.1841e-15
3.4148e+04 2.7886e-15
3.5660e+04 4.0459e-15
3.7239e+04 7.4771e-15
3.8888e+04 2.5129e-14
4.0610e+04 2.8340e-12
4.2408e+04 5.5254e-13
4.4285e+04 5.7236e-14
4.6246e+04 1.3063e-14
4.8293e+04 6.7921e-15
5.0431e+04 4.4608e-15
5.2664e+04 3.2226e-15
5.4996e+04 2.4492e-15
5.7431e+04 1.9200e-15
5.9973e+04 1.5371e-15
6.2629e+04 1.2497e-15
6.5401e+04 1.0282e-15
6.8297e+04 8.5405e-16
7.1321e+04 7.1478e-16
7.4478e+04 6.0196e-16
7.7776e+04 5.0958e-16
8.1219e+04 4.3326e-16
8.4815e+04 3.6974e-16
8.8570e+04 3.1655e-16
9.2492e+04 2.7176e-16
9.6587e+04 2.3387e-16
1.0086e+05 2.0169e-16
1.0533e+05 1.7426e-16
1.0999e+05 1.5081e-16
1.1486e+05 1.3071e-16
1.1995e+05 1.1343e-16
1.2526e+05 9.8552e-17
1.3080e+05 8.5714e-17
1.3659e+05 7.4619e-17
1.4264e+05 6.5014e-17
1.4896e+05 5.6689e-17
1.5555e+05 4.9463e-17
1.6244e+05 4.3185e-17
1.6963e+05 3.7725e-17
1.7714e+05 3.2972e-17
1.8498e+05 2.8831e-17
1.9317e+05 2.5221e-17
2.0173e+05 2.2071e-17
2.1066e+05 1.9321e-17
2.1998e+05 1.6919e-17
2.2972e+05 1.4819e-17
2.3989e+05 1.2983e-17
2.5051e+05 1.1378e-17
