# f(Hz)	 Electron noise power spectrum density (V^2/Hz)
4.0876e+03 1.3267e-14
4.2686e+03 1.3269e-14
4.4575e+03 1.3271e-14
4.6549e+03 1.3273e-14
4.8610e+03 1.3275e-14
5.0762e+03 1.3278e-14
5.3009e+03 1.3281e-14
5.5356e+03 1.3284e-14
5.7807e+03 1.3287e-14
6.0367e+03 1.3290e-14
6.3039e+03 1.3294e-14
6.5830e+03 1.3298e-14
6.8745e+03 1.3303e-14
7.1788e+03 1.3308e-14
7.4967e+03 1.3314e-14
7.8286e+03 1.3320e-14
8.1752e+03 1.3327e-14
8.5371e+03 1.3334e-14
8.9151e+03 1.3342e-14
9.3098e+03 1.3351e-14
9.7220e+03 1.3361e-14
1.0152e+04 1.3372e-14
1.0602e+04 1.3384e-14
1.1071e+04 1.3398e-14
1.1561e+04 1.3412e-14
1.2073e+04 1.3429e-14
1.2608e+04 1.3447e-14
1.3166e+04 1.3467e-14
1.3749e+04 1.3490e-14
1.4358e+04 1.3515e-14
1.4993e+04 1.3543e-14
1.5657e+04 1.3575e-14
1.6350e+04 1.3611e-14
1.7074e+04 1.3651e-14
1.7830e+04 1.3697e-14
1.8620e+04 1.3749e-14
1.9444e+04 1.3808e-14
2.0305e+04 1.3876e-14
2.1204e+04 1.3953e-14
2.2143e+04 1.4044e-14
2.3123e+04 1.4149e-14
2.4147e+04 1.4272e-14
2.5216e+04 1.4417e-14
2.6332e+04 1.4591e-14
2.7498e+04 1.4801e-14
2.8715e+04 1.5058e-14
2.9987e+04 1.5378e-14
3.1314e+04 1.5788e-14
3.2701e+04 1.6330e-14
3.4148e+04 1.7084e-14
3.5660e+04 1.8222e-14
3.7239e+04 2.0231e-14
3.8888e+04 2.5700e-14
4.0610e+04 2.8435e-13
4.2408e+04 2.0161e-13
4.4285e+04 1.1572e-13
4.6246e+04 7.2575e-14
4.8293e+04 5.2114e-14
5.0431e+04 3.9907e-14
5.2664e+04 3.1502e-14
5.4996e+04 2.5306e-14
5.7431e+04 2.0583e-14
5.9973e+04 1.6911e-14
6.2629e+04 1.4015e-14
6.5401e+04 1.1704e-14
6.8297e+04 9.8387e-15
7.1321e+04 8.3194e-15
7.4478e+04 7.0707e-15
7.7776e+04 6.0360e-15
8.1219e+04 5.1724e-15
8.4815e+04 4.4468e-15
8.8570e+04 3.8337e-15
9.2492e+04 3.3128e-15
9.6587e+04 2.8684e-15
1.0086e+05 2.4878e-15
1.0533e+05 2.1607e-15
1.0999e+05 1.8788e-15
1.1486e+05 1.6354e-15
1.1995e+05 1.4248e-15
1.2526e+05 1.2424e-15
1.3080e+05 1.0840e-15
1.3659e+05 9.4647e-16
1.4264e+05 8.2687e-16
1.4896e+05 7.2278e-16
1.5555e+05 6.3211e-16
1.6244e+05 5.5306e-16
1.6963e+05 4.8410e-16
1.7714e+05 4.2390e-16
1.8498e+05 3.7131e-16
1.9317e+05 3.2534e-16
2.0173e+05 2.8514e-16
2.1066e+05 2.4997e-16
2.1998e+05 2.1918e-16
2.2972e+05 1.9222e-16
2.3989e+05 1.6861e-16
2.5051e+05 1.4792e-16
