# f(Hz)	 Electron noise power spectrum density (V^2/Hz)
4.0876e+03 5.2772e-15
4.2686e+03 5.2783e-15
4.4575e+03 5.2796e-15
4.6549e+03 5.2810e-15
4.8610e+03 5.2825e-15
5.0762e+03 5.2843e-15
5.3009e+03 5.2862e-15
5.5356e+03 5.2883e-15
5.7807e+03 5.2907e-15
6.0367e+03 5.2935e-15
6.3039e+03 5.2965e-15
6.5830e+03 5.3000e-15
6.8745e+03 5.3039e-15
7.1788e+03 5.3083e-15
7.4967e+03 5.3133e-15
7.8286e+03 5.3191e-15
8.1752e+03 5.3257e-15
8.5371e+03 5.3333e-15
8.9151e+03 5.3420e-15
9.3098e+03 5.3521e-15
9.7220e+03 5.3638e-15
1.0152e+04 5.3774e-15
1.0602e+04 5.3934e-15
1.1071e+04 5.4122e-15
1.1561e+04 5.4343e-15
1.2073e+04 5.4606e-15
1.2608e+04 5.4919e-15
1.3166e+04 5.5296e-15
1.3749e+04 5.5752e-15
1.4358e+04 5.6309e-15
1.4993e+04 5.6997e-15
1.5657e+04 5.7856e-15
1.6350e+04 5.8947e-15
1.7074e+04 6.0361e-15
1.7830e+04 6.2240e-15
1.8620e+04 6.4825e-15
1.9444e+04 6.8557e-15
2.0305e+04 7.4330e-15
2.1204e+04 8.4280e-15
2.2143e+04 1.0493e-14
2.3123e+04 1.6894e-14
2.4147e+04 6.1408e-13
2.5216e+04 3.2457e-13
2.6332e+04 1.6378e-13
2.7498e+04 6.6188e-14
2.8715e+04 3.4953e-14
2.9987e+04 2.2565e-14
3.1314e+04 1.6109e-14
3.2701e+04 1.2155e-14
3.4148e+04 9.4958e-15
3.5660e+04 7.5994e-15
3.7239e+04 6.1900e-15
3.8888e+04 5.1101e-15
4.0610e+04 4.2629e-15
4.2408e+04 3.5857e-15
4.4285e+04 3.0360e-15
4.6246e+04 2.5842e-15
4.8293e+04 2.2089e-15
5.0431e+04 1.8946e-15
5.2664e+04 1.6297e-15
5.4996e+04 1.4051e-15
5.7431e+04 1.2140e-15
5.9973e+04 1.0507e-15
6.2629e+04 9.1080e-16
6.5401e+04 7.9061e-16
6.8297e+04 6.8714e-16
7.1321e+04 5.9787e-16
7.4478e+04 5.2071e-16
7.7776e+04 4.5391e-16
8.1219e+04 3.9599e-16
8.4815e+04 3.4571e-16
8.8570e+04 3.0200e-16
9.2492e+04 2.6396e-16
9.6587e+04 2.3084e-16
1.0086e+05 2.0196e-16
1.0533e+05 1.7676e-16
1.0999e+05 1.5477e-16
1.1486e+05 1.3555e-16
1.1995e+05 1.1876e-16
1.2526e+05 1.0407e-16
1.3080e+05 9.1225e-17
1.3659e+05 7.9982e-17
1.4264e+05 7.0138e-17
1.4896e+05 6.1516e-17
1.5555e+05 5.3963e-17
1.6244e+05 4.7344e-17
1.6963e+05 4.1542e-17
1.7714e+05 3.6456e-17
1.8498e+05 3.1995e-17
1.9317e+05 2.8083e-17
2.0173e+05 2.4652e-17
2.1066e+05 2.1641e-17
2.1998e+05 1.8999e-17
2.2972e+05 1.6681e-17
2.3989e+05 1.4646e-17
2.5051e+05 1.2860e-17
