# f(Hz)	 Electron noise power spectrum density (V^2/Hz)
4.0876e+03 1.9715e-15
4.2686e+03 1.9708e-15
4.4575e+03 1.9701e-15
4.6549e+03 1.9692e-15
4.8610e+03 1.9684e-15
5.0762e+03 1.9674e-15
5.3009e+03 1.9664e-15
5.5356e+03 1.9653e-15
5.7807e+03 1.9641e-15
6.0367e+03 1.9628e-15
6.3039e+03 1.9613e-15
6.5830e+03 1.9598e-15
6.8745e+03 1.9582e-15
7.1788e+03 1.9564e-15
7.4967e+03 1.9545e-15
7.8286e+03 1.9524e-15
8.1752e+03 1.9502e-15
8.5371e+03 1.9478e-15
8.9151e+03 1.9453e-15
9.3098e+03 1.9426e-15
9.7220e+03 1.9397e-15
1.0152e+04 1.9367e-15
1.0602e+04 1.9334e-15
1.1071e+04 1.9300e-15
1.1561e+04 1.9264e-15
1.2073e+04 1.9227e-15
1.2608e+04 1.9188e-15
1.3166e+04 1.9147e-15
1.3749e+04 1.9105e-15
1.4358e+04 1.9062e-15
1.4993e+04 1.9019e-15
1.5657e+04 1.8975e-15
1.6350e+04 1.8932e-15
1.7074e+04 1.8889e-15
1.7830e+04 1.8848e-15
1.8620e+04 1.8809e-15
1.9444e+04 1.8774e-15
2.0305e+04 1.8743e-15
2.1204e+04 1.8719e-15
2.2143e+04 1.8702e-15
2.3123e+04 1.8696e-15
2.4147e+04 1.8703e-15
2.5216e+04 1.8725e-15
2.6332e+04 1.8767e-15
2.7498e+04 1.8835e-15
2.8715e+04 1.8934e-15
2.9987e+04 1.9073e-15
3.1314e+04 1.9265e-15
3.2701e+04 1.9527e-15
3.4148e+04 1.9882e-15
3.5660e+04 2.0369e-15
3.7239e+04 2.1048e-15
3.8888e+04 2.2024e-15
4.0610e+04 2.3490e-15
4.2408e+04 2.5850e-15
4.4285e+04 3.0081e-15
4.6246e+04 3.9167e-15
4.8293e+04 6.6958e-15
5.0431e+04 3.2382e-14
5.2664e+04 1.1104e-12
5.4996e+04 2.1420e-13
5.7431e+04 2.9035e-14
5.9973e+04 1.1795e-14
6.2629e+04 7.4004e-15
6.5401e+04 5.2709e-15
6.8297e+04 3.9805e-15
7.1321e+04 3.1133e-15
7.4478e+04 2.4924e-15
7.7776e+04 2.0280e-15
8.1219e+04 1.6699e-15
8.4815e+04 1.3880e-15
8.8570e+04 1.1623e-15
9.2492e+04 9.7946e-16
9.6587e+04 8.2964e-16
1.0086e+05 7.0581e-16
1.0533e+05 6.0270e-16
1.0999e+05 5.1629e-16
1.1486e+05 4.4350e-16
1.1995e+05 3.8189e-16
1.2526e+05 3.2953e-16
1.3080e+05 2.8488e-16
1.3659e+05 2.4668e-16
1.4264e+05 2.1391e-16
1.4896e+05 1.8573e-16
1.5555e+05 1.6145e-16
1.6244e+05 1.4049e-16
1.6963e+05 1.2236e-16
1.7714e+05 1.0666e-16
1.8498e+05 9.3046e-17
1.9317e+05 8.1220e-17
2.0173e+05 7.0940e-17
2.1066e+05 6.1995e-17
2.1998e+05 5.4204e-17
2.2972e+05 4.7413e-17
2.3989e+05 4.1489e-17
2.5051e+05 3.6318e-17
