# f(Hz)	 Electron noise power spectrum density (V^2/Hz)
4.0876e+03 1.5262e-14
4.2686e+03 1.5268e-14
4.4575e+03 1.5276e-14
4.6549e+03 1.5284e-14
4.8610e+03 1.5293e-14
5.0762e+03 1.5302e-14
5.3009e+03 1.5313e-14
5.5356e+03 1.5324e-14
5.7807e+03 1.5337e-14
6.0367e+03 1.5351e-14
6.3039e+03 1.5367e-14
6.5830e+03 1.5384e-14
6.8745e+03 1.5402e-14
7.1788e+03 1.5423e-14
7.4967e+03 1.5446e-14
7.8286e+03 1.5471e-14
8.1752e+03 1.5499e-14
8.5371e+03 1.5530e-14
8.9151e+03 1.5564e-14
9.3098e+03 1.5602e-14
9.7220e+03 1.5644e-14
1.0152e+04 1.5691e-14
1.0602e+04 1.5744e-14
1.1071e+04 1.5803e-14
1.1561e+04 1.5869e-14
1.2073e+04 1.5944e-14
1.2608e+04 1.6028e-14
1.3166e+04 1.6124e-14
1.3749e+04 1.6233e-14
1.4358e+04 1.6358e-14
1.4993e+04 1.6502e-14
1.5657e+04 1.6668e-14
1.6350e+04 1.6863e-14
1.7074e+04 1.7093e-14
1.7830e+04 1.7366e-14
1.8620e+04 1.7696e-14
1.9444e+04 1.8102e-14
2.0305e+04 1.8612e-14
2.1204e+04 1.9271e-14
2.2143e+04 2.0159e-14
2.3123e+04 2.1432e-14
2.4147e+04 2.3456e-14
2.5216e+04 2.7441e-14
2.6332e+04 2.1126e-13
2.7498e+04 1.3804e-13
2.8715e+04 1.0669e-13
2.9987e+04 8.1371e-14
3.1314e+04 6.3544e-14
3.2701e+04 5.1261e-14
3.4148e+04 4.2282e-14
3.5660e+04 3.5329e-14
3.7239e+04 2.9738e-14
3.8888e+04 2.5145e-14
4.0610e+04 2.1326e-14
4.2408e+04 1.8130e-14
4.4285e+04 1.5446e-14
4.6246e+04 1.3186e-14
4.8293e+04 1.1281e-14
5.0431e+04 9.6703e-15
5.2664e+04 8.3070e-15
5.4996e+04 7.1505e-15
5.7431e+04 6.1672e-15
5.9973e+04 5.3292e-15
6.2629e+04 4.6134e-15
6.5401e+04 4.0003e-15
6.8297e+04 3.4741e-15
7.1321e+04 3.0213e-15
7.4478e+04 2.6308e-15
7.7776e+04 2.2933e-15
8.1219e+04 2.0011e-15
8.4815e+04 1.7476e-15
8.8570e+04 1.5273e-15
9.2492e+04 1.3356e-15
9.6587e+04 1.1686e-15
1.0086e+05 1.0230e-15
1.0533e+05 8.9584e-16
1.0999e+05 7.8478e-16
1.1486e+05 6.8769e-16
1.1995e+05 6.0279e-16
1.2526e+05 5.2850e-16
1.3080e+05 4.6347e-16
1.3659e+05 4.0653e-16
1.4264e+05 3.5666e-16
1.4896e+05 3.1296e-16
1.5555e+05 2.7467e-16
1.6244e+05 2.4109e-16
1.6963e+05 2.1165e-16
1.7714e+05 1.8583e-16
1.8498e+05 1.6318e-16
1.9317e+05 1.4330e-16
2.0173e+05 1.2585e-16
2.1066e+05 1.1053e-16
2.1998e+05 9.7085e-17
2.2972e+05 8.5278e-17
2.3989e+05 7.4910e-17
2.5051e+05 6.5805e-17
