# f(Hz)	 Electron noise power spectrum density (V^2/Hz)
4.0876e+03 6.1898e-15
4.2686e+03 6.1917e-15
4.4575e+03 6.1937e-15
4.6549e+03 6.1960e-15
4.8610e+03 6.1986e-15
5.0762e+03 6.2014e-15
5.3009e+03 6.2045e-15
5.5356e+03 6.2080e-15
5.7807e+03 6.2119e-15
6.0367e+03 6.2163e-15
6.3039e+03 6.2212e-15
6.5830e+03 6.2267e-15
6.8745e+03 6.2328e-15
7.1788e+03 6.2398e-15
7.4967e+03 6.2476e-15
7.8286e+03 6.2565e-15
8.1752e+03 6.2666e-15
8.5371e+03 6.2780e-15
8.9151e+03 6.2911e-15
9.3098e+03 6.3061e-15
9.7220e+03 6.3234e-15
1.0152e+04 6.3433e-15
1.0602e+04 6.3663e-15
1.1071e+04 6.3931e-15
1.1561e+04 6.4245e-15
1.2073e+04 6.4612e-15
1.2608e+04 6.5047e-15
1.3166e+04 6.5563e-15
1.3749e+04 6.6181e-15
1.4358e+04 6.6926e-15
1.4993e+04 6.7834e-15
1.5657e+04 6.8953e-15
1.6350e+04 7.0351e-15
1.7074e+04 7.2125e-15
1.7830e+04 7.4427e-15
1.8620e+04 7.7491e-15
1.9444e+04 8.1717e-15
2.0305e+04 8.7829e-15
2.1204e+04 9.7289e-15
2.2143e+04 1.1352e-14
2.3123e+04 1.4667e-14
2.4147e+04 2.4437e-14
2.5216e+04 4.8176e-13
2.6332e+04 2.6501e-13
2.7498e+04 1.5491e-13
2.8715e+04 8.0980e-14
2.9987e+04 4.6797e-14
3.1314e+04 3.0603e-14
3.2701e+04 2.1726e-14
3.4148e+04 1.6250e-14
3.5660e+04 1.2588e-14
3.7239e+04 9.9992e-15
3.8888e+04 8.0925e-15
4.0610e+04 6.6442e-15
4.2408e+04 5.5170e-15
4.4285e+04 4.6226e-15
4.6246e+04 3.9013e-15
4.8293e+04 3.3120e-15
5.0431e+04 2.8251e-15
5.2664e+04 2.4192e-15
5.4996e+04 2.0782e-15
5.7431e+04 1.7900e-15
5.9973e+04 1.5452e-15
6.2629e+04 1.3365e-15
6.5401e+04 1.1578e-15
6.8297e+04 1.0045e-15
7.1321e+04 8.7263e-16
7.4478e+04 7.5893e-16
7.7776e+04 6.6071e-16
8.1219e+04 5.7574e-16
8.4815e+04 5.0211e-16
8.8570e+04 4.3822e-16
9.2492e+04 3.8271e-16
9.6587e+04 3.3444e-16
1.0086e+05 2.9241e-16
1.0533e+05 2.5578e-16
1.0999e+05 2.2384e-16
1.1486e+05 1.9597e-16
1.1995e+05 1.7162e-16
1.2526e+05 1.5035e-16
1.3080e+05 1.3175e-16
1.3659e+05 1.1548e-16
1.4264e+05 1.0125e-16
1.4896e+05 8.8784e-17
1.5555e+05 7.7870e-17
1.6244e+05 6.8309e-17
1.6963e+05 5.9931e-17
1.7714e+05 5.2588e-17
1.8498e+05 4.6150e-17
1.9317e+05 4.0505e-17
2.0173e+05 3.5554e-17
2.1066e+05 3.1210e-17
2.1998e+05 2.7400e-17
2.2972e+05 2.4056e-17
2.3989e+05 2.1122e-17
2.5051e+05 1.8546e-17
